*BLOCK: TYPE =    0: SUBTYPE =    0: VERSION =    2
Summary of spectral data.
Number of spectral bands =   500
Total number of gaseous absorbers =    13
List of indexing numbers and absorbers.
Index       Absorber(identifier and name)
    1           1       Water Vapour        
    2           2       Carbon Dioxide      
    3           5       Carbon monoxide     
    4           6       Methane             
    5          11       Ammonia             
    6          23       Hydrogen            
    7          24       Helium              
    8          26       Sodium              
    9          27       Potassium           
   10          30       Lithium             
   11          31       Rubidium            
   12          32       Cesium              
   13          35       Hydrogen cyanide    
*END
*BLOCK: TYPE =    1: SUBTYPE =    0: VERSION =    0
Specification of spectral intervals
Limits of spectral intervals (wavelengths in m.)
Band        Lower limit         Upper limit
    1        1.000000000E-04     1.000000000E-02
    2        5.000000000E-05     1.000000000E-04
    3        3.333333333E-05     5.000000000E-05
    4        2.500000000E-05     3.333333333E-05
    5        2.000000000E-05     2.500000000E-05
    6        1.666666667E-05     2.000000000E-05
    7        1.428571429E-05     1.666666667E-05
    8        1.250000000E-05     1.428571429E-05
    9        1.111111111E-05     1.250000000E-05
   10        1.000000000E-05     1.111111111E-05
   11        9.090909091E-06     1.000000000E-05
   12        8.333333333E-06     9.090909091E-06
   13        7.692307692E-06     8.333333333E-06
   14        7.142857143E-06     7.692307692E-06
   15        6.666666667E-06     7.142857143E-06
   16        6.250000000E-06     6.666666667E-06
   17        5.882352941E-06     6.250000000E-06
   18        5.555555556E-06     5.882352941E-06
   19        5.263157895E-06     5.555555556E-06
   20        5.000000000E-06     5.263157895E-06
   21        4.761904762E-06     5.000000000E-06
   22        4.545454545E-06     4.761904762E-06
   23        4.347826087E-06     4.545454545E-06
   24        4.166666667E-06     4.347826087E-06
   25        4.000000000E-06     4.166666667E-06
   26        3.846153846E-06     4.000000000E-06
   27        3.703703704E-06     3.846153846E-06
   28        3.571428571E-06     3.703703704E-06
   29        3.448275862E-06     3.571428571E-06
   30        3.333333333E-06     3.448275862E-06
   31        3.225806452E-06     3.333333333E-06
   32        3.125000000E-06     3.225806452E-06
   33        3.030303030E-06     3.125000000E-06
   34        2.941176471E-06     3.030303030E-06
   35        2.857142857E-06     2.941176471E-06
   36        2.777777778E-06     2.857142857E-06
   37        2.702702703E-06     2.777777778E-06
   38        2.631578947E-06     2.702702703E-06
   39        2.564102564E-06     2.631578947E-06
   40        2.500000000E-06     2.564102564E-06
   41        2.439024390E-06     2.500000000E-06
   42        2.380952381E-06     2.439024390E-06
   43        2.325581395E-06     2.380952381E-06
   44        2.272727273E-06     2.325581395E-06
   45        2.222222222E-06     2.272727273E-06
   46        2.173913043E-06     2.222222222E-06
   47        2.127659574E-06     2.173913043E-06
   48        2.083333333E-06     2.127659574E-06
   49        2.040816327E-06     2.083333333E-06
   50        2.000000000E-06     2.040816327E-06
   51        1.960784314E-06     2.000000000E-06
   52        1.923076923E-06     1.960784314E-06
   53        1.886792453E-06     1.923076923E-06
   54        1.851851852E-06     1.886792453E-06
   55        1.818181818E-06     1.851851852E-06
   56        1.785714286E-06     1.818181818E-06
   57        1.754385965E-06     1.785714286E-06
   58        1.724137931E-06     1.754385965E-06
   59        1.694915254E-06     1.724137931E-06
   60        1.666666667E-06     1.694915254E-06
   61        1.639344262E-06     1.666666667E-06
   62        1.612903226E-06     1.639344262E-06
   63        1.587301587E-06     1.612903226E-06
   64        1.562500000E-06     1.587301587E-06
   65        1.538461538E-06     1.562500000E-06
   66        1.515151515E-06     1.538461538E-06
   67        1.492537313E-06     1.515151515E-06
   68        1.470588235E-06     1.492537313E-06
   69        1.449275362E-06     1.470588235E-06
   70        1.428571429E-06     1.449275362E-06
   71        1.408450704E-06     1.428571429E-06
   72        1.388888889E-06     1.408450704E-06
   73        1.369863014E-06     1.388888889E-06
   74        1.351351351E-06     1.369863014E-06
   75        1.333333333E-06     1.351351351E-06
   76        1.315789474E-06     1.333333333E-06
   77        1.298701299E-06     1.315789474E-06
   78        1.282051282E-06     1.298701299E-06
   79        1.265822785E-06     1.282051282E-06
   80        1.250000000E-06     1.265822785E-06
   81        1.234567901E-06     1.250000000E-06
   82        1.219512195E-06     1.234567901E-06
   83        1.204819277E-06     1.219512195E-06
   84        1.190476190E-06     1.204819277E-06
   85        1.176470588E-06     1.190476190E-06
   86        1.162790698E-06     1.176470588E-06
   87        1.149425287E-06     1.162790698E-06
   88        1.136363636E-06     1.149425287E-06
   89        1.123595506E-06     1.136363636E-06
   90        1.111111111E-06     1.123595506E-06
   91        1.098901099E-06     1.111111111E-06
   92        1.086956522E-06     1.098901099E-06
   93        1.075268817E-06     1.086956522E-06
   94        1.063829787E-06     1.075268817E-06
   95        1.052631579E-06     1.063829787E-06
   96        1.041666667E-06     1.052631579E-06
   97        1.030927835E-06     1.041666667E-06
   98        1.020408163E-06     1.030927835E-06
   99        1.010101010E-06     1.020408163E-06
  100        1.000000000E-06     1.010101010E-06
  101        9.900990099E-07     1.000000000E-06
  102        9.803921569E-07     9.900990099E-07
  103        9.708737864E-07     9.803921569E-07
  104        9.615384615E-07     9.708737864E-07
  105        9.523809524E-07     9.615384615E-07
  106        9.433962264E-07     9.523809524E-07
  107        9.345794393E-07     9.433962264E-07
  108        9.259259259E-07     9.345794393E-07
  109        9.174311927E-07     9.259259259E-07
  110        9.090909091E-07     9.174311927E-07
  111        9.009009009E-07     9.090909091E-07
  112        8.928571429E-07     9.009009009E-07
  113        8.849557522E-07     8.928571429E-07
  114        8.771929825E-07     8.849557522E-07
  115        8.695652174E-07     8.771929825E-07
  116        8.620689655E-07     8.695652174E-07
  117        8.547008547E-07     8.620689655E-07
  118        8.474576271E-07     8.547008547E-07
  119        8.403361345E-07     8.474576271E-07
  120        8.333333333E-07     8.403361345E-07
  121        8.264462810E-07     8.333333333E-07
  122        8.196721311E-07     8.264462810E-07
  123        8.130081301E-07     8.196721311E-07
  124        8.064516129E-07     8.130081301E-07
  125        8.000000000E-07     8.064516129E-07
  126        7.936507937E-07     8.000000000E-07
  127        7.874015748E-07     7.936507937E-07
  128        7.812500000E-07     7.874015748E-07
  129        7.751937984E-07     7.812500000E-07
  130        7.692307692E-07     7.751937984E-07
  131        7.633587786E-07     7.692307692E-07
  132        7.575757576E-07     7.633587786E-07
  133        7.518796992E-07     7.575757576E-07
  134        7.462686567E-07     7.518796992E-07
  135        7.407407407E-07     7.462686567E-07
  136        7.352941176E-07     7.407407407E-07
  137        7.299270073E-07     7.352941176E-07
  138        7.246376812E-07     7.299270073E-07
  139        7.194244604E-07     7.246376812E-07
  140        7.142857143E-07     7.194244604E-07
  141        7.092198582E-07     7.142857143E-07
  142        7.042253521E-07     7.092198582E-07
  143        6.993006993E-07     7.042253521E-07
  144        6.944444444E-07     6.993006993E-07
  145        6.896551724E-07     6.944444444E-07
  146        6.849315068E-07     6.896551724E-07
  147        6.802721088E-07     6.849315068E-07
  148        6.756756757E-07     6.802721088E-07
  149        6.711409396E-07     6.756756757E-07
  150        6.666666667E-07     6.711409396E-07
  151        6.622516556E-07     6.666666667E-07
  152        6.578947368E-07     6.622516556E-07
  153        6.535947712E-07     6.578947368E-07
  154        6.493506494E-07     6.535947712E-07
  155        6.451612903E-07     6.493506494E-07
  156        6.410256410E-07     6.451612903E-07
  157        6.369426752E-07     6.410256410E-07
  158        6.329113924E-07     6.369426752E-07
  159        6.289308176E-07     6.329113924E-07
  160        6.250000000E-07     6.289308176E-07
  161        6.211180124E-07     6.250000000E-07
  162        6.172839506E-07     6.211180124E-07
  163        6.134969325E-07     6.172839506E-07
  164        6.097560976E-07     6.134969325E-07
  165        6.060606061E-07     6.097560976E-07
  166        6.024096386E-07     6.060606061E-07
  167        5.988023952E-07     6.024096386E-07
  168        5.952380952E-07     5.988023952E-07
  169        5.917159763E-07     5.952380952E-07
  170        5.882352941E-07     5.917159763E-07
  171        5.847953216E-07     5.882352941E-07
  172        5.813953488E-07     5.847953216E-07
  173        5.780346821E-07     5.813953488E-07
  174        5.747126437E-07     5.780346821E-07
  175        5.714285714E-07     5.747126437E-07
  176        5.681818182E-07     5.714285714E-07
  177        5.649717514E-07     5.681818182E-07
  178        5.617977528E-07     5.649717514E-07
  179        5.586592179E-07     5.617977528E-07
  180        5.555555556E-07     5.586592179E-07
  181        5.524861878E-07     5.555555556E-07
  182        5.494505495E-07     5.524861878E-07
  183        5.464480874E-07     5.494505495E-07
  184        5.434782609E-07     5.464480874E-07
  185        5.405405405E-07     5.434782609E-07
  186        5.376344086E-07     5.405405405E-07
  187        5.347593583E-07     5.376344086E-07
  188        5.319148936E-07     5.347593583E-07
  189        5.291005291E-07     5.319148936E-07
  190        5.263157895E-07     5.291005291E-07
  191        5.235602094E-07     5.263157895E-07
  192        5.208333333E-07     5.235602094E-07
  193        5.181347150E-07     5.208333333E-07
  194        5.154639175E-07     5.181347150E-07
  195        5.128205128E-07     5.154639175E-07
  196        5.102040816E-07     5.128205128E-07
  197        5.076142132E-07     5.102040816E-07
  198        5.050505051E-07     5.076142132E-07
  199        5.025125628E-07     5.050505051E-07
  200        5.000000000E-07     5.025125628E-07
  201        4.975124378E-07     5.000000000E-07
  202        4.950495050E-07     4.975124378E-07
  203        4.926108374E-07     4.950495050E-07
  204        4.901960784E-07     4.926108374E-07
  205        4.878048780E-07     4.901960784E-07
  206        4.854368932E-07     4.878048780E-07
  207        4.830917874E-07     4.854368932E-07
  208        4.807692308E-07     4.830917874E-07
  209        4.784688995E-07     4.807692308E-07
  210        4.761904762E-07     4.784688995E-07
  211        4.739336493E-07     4.761904762E-07
  212        4.716981132E-07     4.739336493E-07
  213        4.694835681E-07     4.716981132E-07
  214        4.672897196E-07     4.694835681E-07
  215        4.651162791E-07     4.672897196E-07
  216        4.629629630E-07     4.651162791E-07
  217        4.608294931E-07     4.629629630E-07
  218        4.587155963E-07     4.608294931E-07
  219        4.566210046E-07     4.587155963E-07
  220        4.545454545E-07     4.566210046E-07
  221        4.524886878E-07     4.545454545E-07
  222        4.504504505E-07     4.524886878E-07
  223        4.484304933E-07     4.504504505E-07
  224        4.464285714E-07     4.484304933E-07
  225        4.444444444E-07     4.464285714E-07
  226        4.424778761E-07     4.444444444E-07
  227        4.405286344E-07     4.424778761E-07
  228        4.385964912E-07     4.405286344E-07
  229        4.366812227E-07     4.385964912E-07
  230        4.347826087E-07     4.366812227E-07
  231        4.329004329E-07     4.347826087E-07
  232        4.310344828E-07     4.329004329E-07
  233        4.291845494E-07     4.310344828E-07
  234        4.273504274E-07     4.291845494E-07
  235        4.255319149E-07     4.273504274E-07
  236        4.237288136E-07     4.255319149E-07
  237        4.219409283E-07     4.237288136E-07
  238        4.201680672E-07     4.219409283E-07
  239        4.184100418E-07     4.201680672E-07
  240        4.166666667E-07     4.184100418E-07
  241        4.149377593E-07     4.166666667E-07
  242        4.132231405E-07     4.149377593E-07
  243        4.115226337E-07     4.132231405E-07
  244        4.098360656E-07     4.115226337E-07
  245        4.081632653E-07     4.098360656E-07
  246        4.065040650E-07     4.081632653E-07
  247        4.048582996E-07     4.065040650E-07
  248        4.032258065E-07     4.048582996E-07
  249        4.016064257E-07     4.032258065E-07
  250        4.000000000E-07     4.016064257E-07
  251        3.984063745E-07     4.000000000E-07
  252        3.968253968E-07     3.984063745E-07
  253        3.952569170E-07     3.968253968E-07
  254        3.937007874E-07     3.952569170E-07
  255        3.921568627E-07     3.937007874E-07
  256        3.906250000E-07     3.921568627E-07
  257        3.891050584E-07     3.906250000E-07
  258        3.875968992E-07     3.891050584E-07
  259        3.861003861E-07     3.875968992E-07
  260        3.846153846E-07     3.861003861E-07
  261        3.831417625E-07     3.846153846E-07
  262        3.816793893E-07     3.831417625E-07
  263        3.802281369E-07     3.816793893E-07
  264        3.787878788E-07     3.802281369E-07
  265        3.773584906E-07     3.787878788E-07
  266        3.759398496E-07     3.773584906E-07
  267        3.745318352E-07     3.759398496E-07
  268        3.731343284E-07     3.745318352E-07
  269        3.717472119E-07     3.731343284E-07
  270        3.703703704E-07     3.717472119E-07
  271        3.690036900E-07     3.703703704E-07
  272        3.676470588E-07     3.690036900E-07
  273        3.663003663E-07     3.676470588E-07
  274        3.649635036E-07     3.663003663E-07
  275        3.636363636E-07     3.649635036E-07
  276        3.623188406E-07     3.636363636E-07
  277        3.610108303E-07     3.623188406E-07
  278        3.597122302E-07     3.610108303E-07
  279        3.584229391E-07     3.597122302E-07
  280        3.571428571E-07     3.584229391E-07
  281        3.558718861E-07     3.571428571E-07
  282        3.546099291E-07     3.558718861E-07
  283        3.533568905E-07     3.546099291E-07
  284        3.521126761E-07     3.533568905E-07
  285        3.508771930E-07     3.521126761E-07
  286        3.496503497E-07     3.508771930E-07
  287        3.484320557E-07     3.496503497E-07
  288        3.472222222E-07     3.484320557E-07
  289        3.460207612E-07     3.472222222E-07
  290        3.448275862E-07     3.460207612E-07
  291        3.436426117E-07     3.448275862E-07
  292        3.424657534E-07     3.436426117E-07
  293        3.412969283E-07     3.424657534E-07
  294        3.401360544E-07     3.412969283E-07
  295        3.389830508E-07     3.401360544E-07
  296        3.378378378E-07     3.389830508E-07
  297        3.367003367E-07     3.378378378E-07
  298        3.355704698E-07     3.367003367E-07
  299        3.344481605E-07     3.355704698E-07
  300        3.333333333E-07     3.344481605E-07
  301        3.322259136E-07     3.333333333E-07
  302        3.311258278E-07     3.322259136E-07
  303        3.300330033E-07     3.311258278E-07
  304        3.289473684E-07     3.300330033E-07
  305        3.278688525E-07     3.289473684E-07
  306        3.267973856E-07     3.278688525E-07
  307        3.257328990E-07     3.267973856E-07
  308        3.246753247E-07     3.257328990E-07
  309        3.236245955E-07     3.246753247E-07
  310        3.225806452E-07     3.236245955E-07
  311        3.215434084E-07     3.225806452E-07
  312        3.205128205E-07     3.215434084E-07
  313        3.194888179E-07     3.205128205E-07
  314        3.184713376E-07     3.194888179E-07
  315        3.174603175E-07     3.184713376E-07
  316        3.164556962E-07     3.174603175E-07
  317        3.154574132E-07     3.164556962E-07
  318        3.144654088E-07     3.154574132E-07
  319        3.134796238E-07     3.144654088E-07
  320        3.125000000E-07     3.134796238E-07
  321        3.115264798E-07     3.125000000E-07
  322        3.105590062E-07     3.115264798E-07
  323        3.095975232E-07     3.105590062E-07
  324        3.086419753E-07     3.095975232E-07
  325        3.076923077E-07     3.086419753E-07
  326        3.067484663E-07     3.076923077E-07
  327        3.058103976E-07     3.067484663E-07
  328        3.048780488E-07     3.058103976E-07
  329        3.039513678E-07     3.048780488E-07
  330        3.030303030E-07     3.039513678E-07
  331        3.021148036E-07     3.030303030E-07
  332        3.012048193E-07     3.021148036E-07
  333        3.003003003E-07     3.012048193E-07
  334        2.994011976E-07     3.003003003E-07
  335        2.985074627E-07     2.994011976E-07
  336        2.976190476E-07     2.985074627E-07
  337        2.967359050E-07     2.976190476E-07
  338        2.958579882E-07     2.967359050E-07
  339        2.949852507E-07     2.958579882E-07
  340        2.941176471E-07     2.949852507E-07
  341        2.932551320E-07     2.941176471E-07
  342        2.923976608E-07     2.932551320E-07
  343        2.915451895E-07     2.923976608E-07
  344        2.906976744E-07     2.915451895E-07
  345        2.898550725E-07     2.906976744E-07
  346        2.890173410E-07     2.898550725E-07
  347        2.881844380E-07     2.890173410E-07
  348        2.873563218E-07     2.881844380E-07
  349        2.865329513E-07     2.873563218E-07
  350        2.857142857E-07     2.865329513E-07
  351        2.849002849E-07     2.857142857E-07
  352        2.840909091E-07     2.849002849E-07
  353        2.832861190E-07     2.840909091E-07
  354        2.824858757E-07     2.832861190E-07
  355        2.816901408E-07     2.824858757E-07
  356        2.808988764E-07     2.816901408E-07
  357        2.801120448E-07     2.808988764E-07
  358        2.793296089E-07     2.801120448E-07
  359        2.785515320E-07     2.793296089E-07
  360        2.777777778E-07     2.785515320E-07
  361        2.770083102E-07     2.777777778E-07
  362        2.762430939E-07     2.770083102E-07
  363        2.754820937E-07     2.762430939E-07
  364        2.747252747E-07     2.754820937E-07
  365        2.739726027E-07     2.747252747E-07
  366        2.732240437E-07     2.739726027E-07
  367        2.724795640E-07     2.732240437E-07
  368        2.717391304E-07     2.724795640E-07
  369        2.710027100E-07     2.717391304E-07
  370        2.702702703E-07     2.710027100E-07
  371        2.695417790E-07     2.702702703E-07
  372        2.688172043E-07     2.695417790E-07
  373        2.680965147E-07     2.688172043E-07
  374        2.673796791E-07     2.680965147E-07
  375        2.666666667E-07     2.673796791E-07
  376        2.659574468E-07     2.666666667E-07
  377        2.652519894E-07     2.659574468E-07
  378        2.645502646E-07     2.652519894E-07
  379        2.638522427E-07     2.645502646E-07
  380        2.631578947E-07     2.638522427E-07
  381        2.624671916E-07     2.631578947E-07
  382        2.617801047E-07     2.624671916E-07
  383        2.610966057E-07     2.617801047E-07
  384        2.604166667E-07     2.610966057E-07
  385        2.597402597E-07     2.604166667E-07
  386        2.590673575E-07     2.597402597E-07
  387        2.583979328E-07     2.590673575E-07
  388        2.577319588E-07     2.583979328E-07
  389        2.570694087E-07     2.577319588E-07
  390        2.564102564E-07     2.570694087E-07
  391        2.557544757E-07     2.564102564E-07
  392        2.551020408E-07     2.557544757E-07
  393        2.544529262E-07     2.551020408E-07
  394        2.538071066E-07     2.544529262E-07
  395        2.531645570E-07     2.538071066E-07
  396        2.525252525E-07     2.531645570E-07
  397        2.518891688E-07     2.525252525E-07
  398        2.512562814E-07     2.518891688E-07
  399        2.506265664E-07     2.512562814E-07
  400        2.500000000E-07     2.506265664E-07
  401        2.493765586E-07     2.500000000E-07
  402        2.487562189E-07     2.493765586E-07
  403        2.481389578E-07     2.487562189E-07
  404        2.475247525E-07     2.481389578E-07
  405        2.469135802E-07     2.475247525E-07
  406        2.463054187E-07     2.469135802E-07
  407        2.457002457E-07     2.463054187E-07
  408        2.450980392E-07     2.457002457E-07
  409        2.444987775E-07     2.450980392E-07
  410        2.439024390E-07     2.444987775E-07
  411        2.433090024E-07     2.439024390E-07
  412        2.427184466E-07     2.433090024E-07
  413        2.421307506E-07     2.427184466E-07
  414        2.415458937E-07     2.421307506E-07
  415        2.409638554E-07     2.415458937E-07
  416        2.403846154E-07     2.409638554E-07
  417        2.398081535E-07     2.403846154E-07
  418        2.392344498E-07     2.398081535E-07
  419        2.386634845E-07     2.392344498E-07
  420        2.380952381E-07     2.386634845E-07
  421        2.375296912E-07     2.380952381E-07
  422        2.369668246E-07     2.375296912E-07
  423        2.364066194E-07     2.369668246E-07
  424        2.358490566E-07     2.364066194E-07
  425        2.352941176E-07     2.358490566E-07
  426        2.347417840E-07     2.352941176E-07
  427        2.341920375E-07     2.347417840E-07
  428        2.336448598E-07     2.341920375E-07
  429        2.331002331E-07     2.336448598E-07
  430        2.325581395E-07     2.331002331E-07
  431        2.320185615E-07     2.325581395E-07
  432        2.314814815E-07     2.320185615E-07
  433        2.309468822E-07     2.314814815E-07
  434        2.304147465E-07     2.309468822E-07
  435        2.298850575E-07     2.304147465E-07
  436        2.293577982E-07     2.298850575E-07
  437        2.288329519E-07     2.293577982E-07
  438        2.283105023E-07     2.288329519E-07
  439        2.277904328E-07     2.283105023E-07
  440        2.272727273E-07     2.277904328E-07
  441        2.267573696E-07     2.272727273E-07
  442        2.262443439E-07     2.267573696E-07
  443        2.257336343E-07     2.262443439E-07
  444        2.252252252E-07     2.257336343E-07
  445        2.247191011E-07     2.252252252E-07
  446        2.242152466E-07     2.247191011E-07
  447        2.237136465E-07     2.242152466E-07
  448        2.232142857E-07     2.237136465E-07
  449        2.227171492E-07     2.232142857E-07
  450        2.222222222E-07     2.227171492E-07
  451        2.217294900E-07     2.222222222E-07
  452        2.212389381E-07     2.217294900E-07
  453        2.207505519E-07     2.212389381E-07
  454        2.202643172E-07     2.207505519E-07
  455        2.197802198E-07     2.202643172E-07
  456        2.192982456E-07     2.197802198E-07
  457        2.188183807E-07     2.192982456E-07
  458        2.183406114E-07     2.188183807E-07
  459        2.178649237E-07     2.183406114E-07
  460        2.173913043E-07     2.178649237E-07
  461        2.169197397E-07     2.173913043E-07
  462        2.164502165E-07     2.169197397E-07
  463        2.159827214E-07     2.164502165E-07
  464        2.155172414E-07     2.159827214E-07
  465        2.150537634E-07     2.155172414E-07
  466        2.145922747E-07     2.150537634E-07
  467        2.141327623E-07     2.145922747E-07
  468        2.136752137E-07     2.141327623E-07
  469        2.132196162E-07     2.136752137E-07
  470        2.127659574E-07     2.132196162E-07
  471        2.123142251E-07     2.127659574E-07
  472        2.118644068E-07     2.123142251E-07
  473        2.114164905E-07     2.118644068E-07
  474        2.109704641E-07     2.114164905E-07
  475        2.105263158E-07     2.109704641E-07
  476        2.100840336E-07     2.105263158E-07
  477        2.096436059E-07     2.100840336E-07
  478        2.092050209E-07     2.096436059E-07
  479        2.087682672E-07     2.092050209E-07
  480        2.083333333E-07     2.087682672E-07
  481        2.079002079E-07     2.083333333E-07
  482        2.074688797E-07     2.079002079E-07
  483        2.070393375E-07     2.074688797E-07
  484        2.066115702E-07     2.070393375E-07
  485        2.061855670E-07     2.066115702E-07
  486        2.057613169E-07     2.061855670E-07
  487        2.053388090E-07     2.057613169E-07
  488        2.049180328E-07     2.053388090E-07
  489        2.044989775E-07     2.049180328E-07
  490        2.040816327E-07     2.044989775E-07
  491        2.036659878E-07     2.040816327E-07
  492        2.032520325E-07     2.036659878E-07
  493        2.028397566E-07     2.032520325E-07
  494        2.024291498E-07     2.028397566E-07
  495        2.020202020E-07     2.024291498E-07
  496        2.016129032E-07     2.020202020E-07
  497        2.012072435E-07     2.016129032E-07
  498        2.008032129E-07     2.012072435E-07
  499        2.004008016E-07     2.008032129E-07
  500        2.000000000E-07     2.004008016E-07
*END
*BLOCK: TYPE =    4: SUBTYPE =    0: VERSION =    0
Gaseous absorbers in each interval
(The number is the indexing number of the species as set out
 in the summary block 0.)
A zero indicates that there in no gaseous absorption in the interval.
Band        Number of active absorbers followed by indexing numbers
    1          10
         1    3    4    5
    8    9   10   11
   12   13
    2          12
         1    3    4    5
    6    7    8    9
   10   11   12   13
    3          13
         1    2    3    4
    5    6    7    8
    9   10   11   12
   13
    4          13
         1    2    3    4
    5    6    7    8
    9   10   11   12
   13
    5          13
         1    2    3    4
    5    6    7    8
    9   10   11   12
   13
    6          13
         1    2    3    4
    5    6    7    8
    9   10   11   12
   13
    7          13
         1    2    3    4
    5    6    7    8
    9   10   11   12
   13
    8          13
         1    2    3    4
    5    6    7    8
    9   10   11   12
   13
    9          13
         1    2    3    4
    5    6    7    8
    9   10   11   12
   13
   10          13
         1    2    3    4
    5    6    7    8
    9   10   11   12
   13
   11          13
         1    2    3    4
    5    6    7    8
    9   10   11   12
   13
   12          13
         1    2    3    4
    5    6    7    8
    9   10   11   12
   13
   13          13
         1    2    3    4
    5    6    7    8
    9   10   11   12
   13
   14          13
         1    2    3    4
    5    6    7    8
    9   10   11   12
   13
   15          13
         1    2    3    4
    5    6    7    8
    9   10   11   12
   13
   16          13
         1    2    3    4
    5    6    7    8
    9   10   11   12
   13
   17          13
         1    2    3    4
    5    6    7    8
    9   10   11   12
   13
   18          13
         1    2    3    4
    5    6    7    8
    9   10   11   12
   13
   19          13
         1    2    3    4
    5    6    7    8
    9   10   11   12
   13
   20          13
         1    2    3    4
    5    6    7    8
    9   10   11   12
   13
   21          13
         1    2    3    4
    5    6    7    8
    9   10   11   12
   13
   22          13
         1    2    3    4
    5    6    7    8
    9   10   11   12
   13
   23          13
         1    2    3    4
    5    6    7    8
    9   10   11   12
   13
   24          13
         1    2    3    4
    5    6    7    8
    9   10   11   12
   13
   25          13
         1    2    3    4
    5    6    7    8
    9   10   11   12
   13
   26          13
         1    2    3    4
    5    6    7    8
    9   10   11   12
   13
   27          13
         1    2    3    4
    5    6    7    8
    9   10   11   12
   13
   28          13
         1    2    3    4
    5    6    7    8
    9   10   11   12
   13
   29          13
         1    2    3    4
    5    6    7    8
    9   10   11   12
   13
   30          13
         1    2    3    4
    5    6    7    8
    9   10   11   12
   13
   31          13
         1    2    3    4
    5    6    7    8
    9   10   11   12
   13
   32          13
         1    2    3    4
    5    6    7    8
    9   10   11   12
   13
   33          13
         1    2    3    4
    5    6    7    8
    9   10   11   12
   13
   34          13
         1    2    3    4
    5    6    7    8
    9   10   11   12
   13
   35          13
         1    2    3    4
    5    6    7    8
    9   10   11   12
   13
   36          13
         1    2    3    4
    5    6    7    8
    9   10   11   12
   13
   37          13
         1    2    3    4
    5    6    7    8
    9   10   11   12
   13
   38          13
         1    2    3    4
    5    6    7    8
    9   10   11   12
   13
   39          13
         1    2    3    4
    5    6    7    8
    9   10   11   12
   13
   40          13
         1    2    3    4
    5    6    7    8
    9   10   11   12
   13
   41          13
         1    2    3    4
    5    6    7    8
    9   10   11   12
   13
   42          13
         1    2    3    4
    5    6    7    8
    9   10   11   12
   13
   43          13
         1    2    3    4
    5    6    7    8
    9   10   11   12
   13
   44          13
         1    2    3    4
    5    6    7    8
    9   10   11   12
   13
   45          13
         1    2    3    4
    5    6    7    8
    9   10   11   12
   13
   46          13
         1    2    3    4
    5    6    7    8
    9   10   11   12
   13
   47          13
         1    2    3    4
    5    6    7    8
    9   10   11   12
   13
   48          13
         1    2    3    4
    5    6    7    8
    9   10   11   12
   13
   49          13
         1    2    3    4
    5    6    7    8
    9   10   11   12
   13
   50          13
         1    2    3    4
    5    6    7    8
    9   10   11   12
   13
   51          13
         1    2    3    4
    5    6    7    8
    9   10   11   12
   13
   52          13
         1    2    3    4
    5    6    7    8
    9   10   11   12
   13
   53          13
         1    2    3    4
    5    6    7    8
    9   10   11   12
   13
   54          13
         1    2    3    4
    5    6    7    8
    9   10   11   12
   13
   55          13
         1    2    3    4
    5    6    7    8
    9   10   11   12
   13
   56          13
         1    2    3    4
    5    6    7    8
    9   10   11   12
   13
   57          13
         1    2    3    4
    5    6    7    8
    9   10   11   12
   13
   58          13
         1    2    3    4
    5    6    7    8
    9   10   11   12
   13
   59          13
         1    2    3    4
    5    6    7    8
    9   10   11   12
   13
   60          13
         1    2    3    4
    5    6    7    8
    9   10   11   12
   13
   61          13
         1    2    3    4
    5    6    7    8
    9   10   11   12
   13
   62          13
         1    2    3    4
    5    6    7    8
    9   10   11   12
   13
   63          13
         1    2    3    4
    5    6    7    8
    9   10   11   12
   13
   64          13
         1    2    3    4
    5    6    7    8
    9   10   11   12
   13
   65          13
         1    2    3    4
    5    6    7    8
    9   10   11   12
   13
   66          13
         1    2    3    4
    5    6    7    8
    9   10   11   12
   13
   67          13
         1    2    3    4
    5    6    7    8
    9   10   11   12
   13
   68          13
         1    2    3    4
    5    6    7    8
    9   10   11   12
   13
   69          13
         1    2    3    4
    5    6    7    8
    9   10   11   12
   13
   70          13
         1    2    3    4
    5    6    7    8
    9   10   11   12
   13
   71          13
         1    2    3    4
    5    6    7    8
    9   10   11   12
   13
   72          13
         1    2    3    4
    5    6    7    8
    9   10   11   12
   13
   73          13
         1    2    3    4
    5    6    7    8
    9   10   11   12
   13
   74          13
         1    2    3    4
    5    6    7    8
    9   10   11   12
   13
   75          13
         1    2    3    4
    5    6    7    8
    9   10   11   12
   13
   76          13
         1    2    3    4
    5    6    7    8
    9   10   11   12
   13
   77          13
         1    2    3    4
    5    6    7    8
    9   10   11   12
   13
   78          13
         1    2    3    4
    5    6    7    8
    9   10   11   12
   13
   79          13
         1    2    3    4
    5    6    7    8
    9   10   11   12
   13
   80          13
         1    2    3    4
    5    6    7    8
    9   10   11   12
   13
   81          13
         1    2    3    4
    5    6    7    8
    9   10   11   12
   13
   82          13
         1    2    3    4
    5    6    7    8
    9   10   11   12
   13
   83          13
         1    2    3    4
    5    6    7    8
    9   10   11   12
   13
   84          13
         1    2    3    4
    5    6    7    8
    9   10   11   12
   13
   85          11
         1    4    5    6
    7    8    9   10
   11   12   13
   86          11
         1    4    5    6
    7    8    9   10
   11   12   13
   87          11
         1    4    5    6
    7    8    9   10
   11   12   13
   88          11
         1    4    5    6
    7    8    9   10
   11   12   13
   89          11
         1    4    5    6
    7    8    9   10
   11   12   13
   90          11
         1    4    5    6
    7    8    9   10
   11   12   13
   91          11
         1    4    5    6
    7    8    9   10
   11   12   13
   92          11
         1    4    5    6
    7    8    9   10
   11   12   13
   93          11
         1    4    5    6
    7    8    9   10
   11   12   13
   94          11
         1    4    5    6
    7    8    9   10
   11   12   13
   95          11
         1    4    5    6
    7    8    9   10
   11   12   13
   96          11
         1    4    5    6
    7    8    9   10
   11   12   13
   97          11
         1    4    5    6
    7    8    9   10
   11   12   13
   98          11
         1    4    5    6
    7    8    9   10
   11   12   13
   99          11
         1    4    5    6
    7    8    9   10
   11   12   13
  100          11
         1    4    5    6
    7    8    9   10
   11   12   13
  101          10
         1    4    5    7
    8    9   10   11
   12   13
  102          10
         1    4    5    7
    8    9   10   11
   12   13
  103          10
         1    4    5    7
    8    9   10   11
   12   13
  104          10
         1    4    5    7
    8    9   10   11
   12   13
  105          10
         1    4    5    7
    8    9   10   11
   12   13
  106          10
         1    4    5    7
    8    9   10   11
   12   13
  107          10
         1    4    5    7
    8    9   10   11
   12   13
  108          10
         1    4    5    7
    8    9   10   11
   12   13
  109          10
         1    4    5    7
    8    9   10   11
   12   13
  110          10
         1    4    5    7
    8    9   10   11
   12   13
  111          10
         1    4    5    7
    8    9   10   11
   12   13
  112          10
         1    4    5    7
    8    9   10   11
   12   13
  113          10
         1    4    5    7
    8    9   10   11
   12   13
  114          10
         1    4    5    7
    8    9   10   11
   12   13
  115          10
         1    4    5    7
    8    9   10   11
   12   13
  116          10
         1    4    5    7
    8    9   10   11
   12   13
  117          10
         1    4    5    7
    8    9   10   11
   12   13
  118          10
         1    4    5    7
    8    9   10   11
   12   13
  119          10
         1    4    5    7
    8    9   10   11
   12   13
  120          10
         1    4    5    7
    8    9   10   11
   12   13
  121          10
         1    4    5    7
    8    9   10   11
   12   13
  122           8
         1    7    8    9
   10   11   12   13
  123           8
         1    7    8    9
   10   11   12   13
  124           8
         1    7    8    9
   10   11   12   13
  125           8
         1    7    8    9
   10   11   12   13
  126           8
         1    7    8    9
   10   11   12   13
  127           8
         1    7    8    9
   10   11   12   13
  128           8
         1    7    8    9
   10   11   12   13
  129           8
         1    7    8    9
   10   11   12   13
  130           8
         1    7    8    9
   10   11   12   13
  131           8
         1    7    8    9
   10   11   12   13
  132           8
         1    7    8    9
   10   11   12   13
  133           8
         1    7    8    9
   10   11   12   13
  134           8
         1    7    8    9
   10   11   12   13
  135           8
         1    7    8    9
   10   11   12   13
  136           8
         1    7    8    9
   10   11   12   13
  137           8
         1    7    8    9
   10   11   12   13
  138           8
         1    7    8    9
   10   11   12   13
  139           8
         1    7    8    9
   10   11   12   13
  140           8
         1    7    8    9
   10   11   12   13
  141           8
         1    7    8    9
   10   11   12   13
  142           8
         1    7    8    9
   10   11   12   13
  143           8
         1    7    8    9
   10   11   12   13
  144           8
         1    7    8    9
   10   11   12   13
  145           8
         1    7    8    9
   10   11   12   13
  146           8
         1    7    8    9
   10   11   12   13
  147           8
         1    7    8    9
   10   11   12   13
  148           8
         1    7    8    9
   10   11   12   13
  149           8
         1    7    8    9
   10   11   12   13
  150           8
         1    7    8    9
   10   11   12   13
  151           8
         1    7    8    9
   10   11   12   13
  152           8
         1    7    8    9
   10   11   12   13
  153           8
         1    7    8    9
   10   11   12   13
  154           8
         1    7    8    9
   10   11   12   13
  155           8
         1    7    8    9
   10   11   12   13
  156           8
         1    7    8    9
   10   11   12   13
  157           8
         1    7    8    9
   10   11   12   13
  158           8
         1    7    8    9
   10   11   12   13
  159           8
         1    7    8    9
   10   11   12   13
  160           8
         1    7    8    9
   10   11   12   13
  161           8
         1    7    8    9
   10   11   12   13
  162           8
         1    7    8    9
   10   11   12   13
  163           8
         1    7    8    9
   10   11   12   13
  164           8
         1    7    8    9
   10   11   12   13
  165           8
         1    7    8    9
   10   11   12   13
  166           8
         1    7    8    9
   10   11   12   13
  167           8
         1    7    8    9
   10   11   12   13
  168           8
         1    7    8    9
   10   11   12   13
  169           8
         1    7    8    9
   10   11   12   13
  170           8
         1    7    8    9
   10   11   12   13
  171           8
         1    7    8    9
   10   11   12   13
  172           8
         1    7    8    9
   10   11   12   13
  173           8
         1    7    8    9
   10   11   12   13
  174           8
         1    7    8    9
   10   11   12   13
  175           8
         1    7    8    9
   10   11   12   13
  176           7
         1    7    8    9
   10   11   12
  177           7
         1    7    8    9
   10   11   12
  178           7
         1    7    8    9
   10   11   12
  179           7
         1    7    8    9
   10   11   12
  180           7
         1    7    8    9
   10   11   12
  181           7
         1    7    8    9
   10   11   12
  182           7
         1    7    8    9
   10   11   12
  183           7
         1    7    8    9
   10   11   12
  184           7
         1    7    8    9
   10   11   12
  185           7
         1    7    8    9
   10   11   12
  186           7
         1    7    8    9
   10   11   12
  187           7
         1    7    8    9
   10   11   12
  188           7
         1    7    8    9
   10   11   12
  189           7
         1    7    8    9
   10   11   12
  190           7
         1    7    8    9
   10   11   12
  191           7
         1    7    8    9
   10   11   12
  192           7
         1    7    8    9
   10   11   12
  193           7
         1    7    8    9
   10   11   12
  194           7
         1    7    8    9
   10   11   12
  195           7
         1    7    8    9
   10   11   12
  196           7
         1    7    8    9
   10   11   12
  197           7
         1    7    8    9
   10   11   12
  198           7
         1    7    8    9
   10   11   12
  199           7
         1    7    8    9
   10   11   12
  200           7
         1    7    8    9
   10   11   12
  201           6
         1    8    9   10
   11   12
  202           6
         1    8    9   10
   11   12
  203           6
         1    8    9   10
   11   12
  204           6
         1    8    9   10
   11   12
  205           6
         1    8    9   10
   11   12
  206           6
         1    8    9   10
   11   12
  207           6
         1    8    9   10
   11   12
  208           6
         1    8    9   10
   11   12
  209           6
         1    8    9   10
   11   12
  210           6
         1    8    9   10
   11   12
  211           6
         1    8    9   10
   11   12
  212           6
         1    8    9   10
   11   12
  213           6
         1    8    9   10
   11   12
  214           6
         1    8    9   10
   11   12
  215           6
         1    8    9   10
   11   12
  216           6
         1    8    9   10
   11   12
  217           6
         1    8    9   10
   11   12
  218           6
         1    8    9   10
   11   12
  219           6
         1    8    9   10
   11   12
  220           6
         1    8    9   10
   11   12
  221           6
         1    8    9   10
   11   12
  222           6
         1    8    9   10
   11   12
  223           6
         1    8    9   10
   11   12
  224           6
         1    8    9   10
   11   12
  225           6
         1    8    9   10
   11   12
  226           6
         1    8    9   10
   11   12
  227           6
         1    8    9   10
   11   12
  228           6
         1    8    9   10
   11   12
  229           6
         1    8    9   10
   11   12
  230           6
         1    8    9   10
   11   12
  231           6
         1    8    9   10
   11   12
  232           6
         1    8    9   10
   11   12
  233           6
         1    8    9   10
   11   12
  234           6
         1    8    9   10
   11   12
  235           6
         1    8    9   10
   11   12
  236           6
         1    8    9   10
   11   12
  237           6
         1    8    9   10
   11   12
  238           6
         1    8    9   10
   11   12
  239           6
         1    8    9   10
   11   12
  240           6
         1    8    9   10
   11   12
  241           6
         1    8    9   10
   11   12
  242           6
         1    8    9   10
   11   12
  243           6
         1    8    9   10
   11   12
  244           6
         1    8    9   10
   11   12
  245           6
         1    8    9   10
   11   12
  246           6
         1    8    9   10
   11   12
  247           6
         1    8    9   10
   11   12
  248           6
         1    8    9   10
   11   12
  249           6
         1    8    9   10
   11   12
  250           6
         1    8    9   10
   11   12
  251           6
         1    8    9   10
   11   12
  252           6
         1    8    9   10
   11   12
  253           6
         1    8    9   10
   11   12
  254           6
         1    8    9   10
   11   12
  255           6
         1    8    9   10
   11   12
  256           6
         1    8    9   10
   11   12
  257           6
         1    8    9   10
   11   12
  258           6
         1    8    9   10
   11   12
  259           6
         1    8    9   10
   11   12
  260           6
         1    8    9   10
   11   12
  261           6
         1    8    9   10
   11   12
  262           6
         1    8    9   10
   11   12
  263           6
         1    8    9   10
   11   12
  264           6
         1    8    9   10
   11   12
  265           6
         1    8    9   10
   11   12
  266           6
         1    8    9   10
   11   12
  267           6
         1    8    9   10
   11   12
  268           6
         1    8    9   10
   11   12
  269           6
         1    8    9   10
   11   12
  270           6
         1    8    9   10
   11   12
  271           6
         1    8    9   10
   11   12
  272           6
         1    8    9   10
   11   12
  273           6
         1    8    9   10
   11   12
  274           6
         1    8    9   10
   11   12
  275           6
         1    8    9   10
   11   12
  276           6
         1    8    9   10
   11   12
  277           6
         1    8    9   10
   11   12
  278           6
         1    8    9   10
   11   12
  279           6
         1    8    9   10
   11   12
  280           6
         1    8    9   10
   11   12
  281           6
         1    8    9   10
   11   12
  282           6
         1    8    9   10
   11   12
  283           6
         1    8    9   10
   11   12
  284           6
         1    8    9   10
   11   12
  285           6
         1    8    9   10
   11   12
  286           6
         1    8    9   10
   11   12
  287           6
         1    8    9   10
   11   12
  288           6
         1    8    9   10
   11   12
  289           6
         1    8    9   10
   11   12
  290           6
         1    8    9   10
   11   12
  291           6
         1    8    9   10
   11   12
  292           6
         1    8    9   10
   11   12
  293           6
         1    8    9   10
   11   12
  294           6
         1    8    9   10
   11   12
  295           6
         1    8    9   10
   11   12
  296           6
         1    8    9   10
   11   12
  297           6
         1    8    9   10
   11   12
  298           6
         1    8    9   10
   11   12
  299           6
         1    8    9   10
   11   12
  300           6
         1    8    9   10
   11   12
  301           5
         8    9   10   11
   12
  302           5
         8    9   10   11
   12
  303           5
         8    9   10   11
   12
  304           5
         8    9   10   11
   12
  305           5
         8    9   10   11
   12
  306           5
         8    9   10   11
   12
  307           5
         8    9   10   11
   12
  308           5
         8    9   10   11
   12
  309           5
         8    9   10   11
   12
  310           5
         8    9   10   11
   12
  311           5
         8    9   10   11
   12
  312           5
         8    9   10   11
   12
  313           5
         8    9   10   11
   12
  314           5
         8    9   10   11
   12
  315           5
         8    9   10   11
   12
  316           5
         8    9   10   11
   12
  317           5
         8    9   10   11
   12
  318           5
         8    9   10   11
   12
  319           5
         8    9   10   11
   12
  320           5
         8    9   10   11
   12
  321           5
         8    9   10   11
   12
  322           5
         8    9   10   11
   12
  323           5
         8    9   10   11
   12
  324           5
         8    9   10   11
   12
  325           5
         8    9   10   11
   12
  326           5
         8    9   10   11
   12
  327           5
         8    9   10   11
   12
  328           5
         8    9   10   11
   12
  329           5
         8    9   10   11
   12
  330           5
         8    9   10   11
   12
  331           5
         8    9   10   11
   12
  332           5
         8    9   10   11
   12
  333           5
         8    9   10   11
   12
  334           5
         8    9   10   11
   12
  335           5
         8    9   10   11
   12
  336           5
         8    9   10   11
   12
  337           5
         8    9   10   11
   12
  338           5
         8    9   10   11
   12
  339           5
         8    9   10   11
   12
  340           5
         8    9   10   11
   12
  341           5
         8    9   10   11
   12
  342           5
         8    9   10   11
   12
  343           4
         8    9   10   11
  344           4
         8    9   10   11
  345           4
         8    9   10   11
  346           4
         8    9   10   11
  347           4
         8    9   10   11
  348           4
         8    9   10   11
  349           4
         8    9   10   11
  350           4
         8    9   10   11
  351           4
         8    9   10   11
  352           4
         8    9   10   11
  353           4
         8    9   10   11
  354           4
         8    9   10   11
  355           4
         8    9   10   11
  356           4
         8    9   10   11
  357           4
         8    9   10   11
  358           4
         8    9   10   11
  359           3
         8    9   10
  360           3
         8    9   10
  361           3
         8    9   10
  362           3
         8    9   10
  363           3
         8    9   10
  364           3
         8    9   10
  365           3
         8    9   10
  366           3
         8    9   10
  367           3
         8    9   10
  368           3
         8    9   10
  369           3
         8    9   10
  370           3
         8    9   10
  371           3
         8    9   10
  372           3
         8    9   10
  373           3
         8    9   10
  374           3
         8    9   10
  375           3
         8    9   10
  376           3
         8    9   10
  377           3
         8    9   10
  378           3
         8    9   10
  379           3
         8    9   10
  380           3
         8    9   10
  381           3
         8    9   10
  382           3
         8    9   10
  383           3
         8    9   10
  384           3
         8    9   10
  385           3
         8    9   10
  386           3
         8    9   10
  387           3
         8    9   10
  388           3
         8    9   10
  389           3
         8    9   10
  390           3
         8    9   10
  391           3
         8    9   10
  392           3
         8    9   10
  393           3
         8    9   10
  394           3
         8    9   10
  395           3
         8    9   10
  396           3
         8    9   10
  397           3
         8    9   10
  398           3
         8    9   10
  399           3
         8    9   10
  400           3
         8    9   10
  401           3
         8    9   10
  402           3
         8    9   10
  403           3
         8    9   10
  404           3
         8    9   10
  405           3
         8    9   10
  406           3
         8    9   10
  407           3
         8    9   10
  408           3
         8    9   10
  409           3
         8    9   10
  410           3
         8    9   10
  411           3
         8    9   10
  412           3
         8    9   10
  413           3
         8    9   10
  414           3
         8    9   10
  415           3
         8    9   10
  416           3
         8    9   10
  417           3
         8    9   10
  418           3
         8    9   10
  419           3
         8    9   10
  420           3
         8    9   10
  421           3
         8    9   10
  422           3
         8    9   10
  423           3
         8    9   10
  424           3
         8    9   10
  425           3
         8    9   10
  426           3
         8    9   10
  427           3
         8    9   10
  428           3
         8    9   10
  429           3
         8    9   10
  430           3
         8    9   10
  431           3
         8    9   10
  432           3
         8    9   10
  433           3
         8    9   10
  434           3
         8    9   10
  435           3
         8    9   10
  436           3
         8    9   10
  437           3
         8    9   10
  438           3
         8    9   10
  439           3
         8    9   10
  440           3
         8    9   10
  441           3
         8    9   10
  442           3
         8    9   10
  443           3
         8    9   10
  444           3
         8    9   10
  445           3
         8    9   10
  446           3
         8    9   10
  447           3
         8    9   10
  448           3
         8    9   10
  449           3
         8    9   10
  450           3
         8    9   10
  451           3
         8    9   10
  452           3
         8    9   10
  453           3
         8    9   10
  454           3
         8    9   10
  455           3
         8    9   10
  456           3
         8    9   10
  457           3
         8    9   10
  458           3
         8    9   10
  459           3
         8    9   10
  460           3
         8    9   10
  461           3
         8    9   10
  462           3
         8    9   10
  463           3
         8    9   10
  464           3
         8    9   10
  465           3
         8    9   10
  466           3
         8    9   10
  467           3
         8    9   10
  468           2
         8    9
  469           2
         8    9
  470           2
         8    9
  471           2
         8    9
  472           2
         8    9
  473           2
         8    9
  474           2
         8    9
  475           2
         8    9
  476           2
         8    9
  477           2
         8    9
  478           2
         8    9
  479           2
         8    9
  480           2
         8    9
  481           2
         8    9
  482           2
         8    9
  483           2
         8    9
  484           2
         8    9
  485           2
         8    9
  486           2
         8    9
  487           2
         8    9
  488           2
         8    9
  489           2
         8    9
  490           2
         8    9
  491           2
         8    9
  492           2
         8    9
  493           2
         8    9
  494           2
         8    9
  495           2
         8    9
  496           2
         8    9
  497           2
         8    9
  498           2
         8    9
  499           2
         8    9
  500           2
         8    9
*END
*BLOCK: TYPE =    8: SUBTYPE =    0: VERSION =    0
Continuum absorbers in each interval
(The number is the indexing number of each type as set out
 in the module rad_pcf.)
A zero indicates that there is no continuum absorption in the interval.
Band         Number of active continua followed by indexing numbers
    1           0
    2           0
    3           0
    4           0
    5           0
    6           0
    7           0
    8           0
    9           0
   10           0
   11           0
   12           0
   13           0
   14           0
   15           0
   16           0
   17           0
   18           0
   19           0
   20           0
   21           0
   22           0
   23           0
   24           0
   25           0
   26           0
   27           0
   28           0
   29           0
   30           0
   31           0
   32           0
   33           0
   34           0
   35           0
   36           0
   37           0
   38           0
   39           0
   40           0
   41           0
   42           0
   43           0
   44           0
   45           0
   46           0
   47           0
   48           0
   49           0
   50           0
   51           0
   52           0
   53           0
   54           0
   55           0
   56           0
   57           0
   58           0
   59           0
   60           0
   61           0
   62           0
   63           0
   64           0
   65           0
   66           0
   67           0
   68           0
   69           0
   70           0
   71           0
   72           0
   73           0
   74           0
   75           0
   76           0
   77           0
   78           0
   79           0
   80           0
   81           0
   82           0
   83           0
   84           0
   85           0
   86           0
   87           0
   88           0
   89           0
   90           0
   91           0
   92           0
   93           0
   94           0
   95           0
   96           0
   97           0
   98           0
   99           0
  100           0
  101           0
  102           0
  103           0
  104           0
  105           0
  106           0
  107           0
  108           0
  109           0
  110           0
  111           0
  112           0
  113           0
  114           0
  115           0
  116           0
  117           0
  118           0
  119           0
  120           0
  121           0
  122           0
  123           0
  124           0
  125           0
  126           0
  127           0
  128           0
  129           0
  130           0
  131           0
  132           0
  133           0
  134           0
  135           0
  136           0
  137           0
  138           0
  139           0
  140           0
  141           0
  142           0
  143           0
  144           0
  145           0
  146           0
  147           0
  148           0
  149           0
  150           0
  151           0
  152           0
  153           0
  154           0
  155           0
  156           0
  157           0
  158           0
  159           0
  160           0
  161           0
  162           0
  163           0
  164           0
  165           0
  166           0
  167           0
  168           0
  169           0
  170           0
  171           0
  172           0
  173           0
  174           0
  175           0
  176           0
  177           0
  178           0
  179           0
  180           0
  181           0
  182           0
  183           0
  184           0
  185           0
  186           0
  187           0
  188           0
  189           0
  190           0
  191           0
  192           0
  193           0
  194           0
  195           0
  196           0
  197           0
  198           0
  199           0
  200           0
  201           0
  202           0
  203           0
  204           0
  205           0
  206           0
  207           0
  208           0
  209           0
  210           0
  211           0
  212           0
  213           0
  214           0
  215           0
  216           0
  217           0
  218           0
  219           0
  220           0
  221           0
  222           0
  223           0
  224           0
  225           0
  226           0
  227           0
  228           0
  229           0
  230           0
  231           0
  232           0
  233           0
  234           0
  235           0
  236           0
  237           0
  238           0
  239           0
  240           0
  241           0
  242           0
  243           0
  244           0
  245           0
  246           0
  247           0
  248           0
  249           0
  250           0
  251           0
  252           0
  253           0
  254           0
  255           0
  256           0
  257           0
  258           0
  259           0
  260           0
  261           0
  262           0
  263           0
  264           0
  265           0
  266           0
  267           0
  268           0
  269           0
  270           0
  271           0
  272           0
  273           0
  274           0
  275           0
  276           0
  277           0
  278           0
  279           0
  280           0
  281           0
  282           0
  283           0
  284           0
  285           0
  286           0
  287           0
  288           0
  289           0
  290           0
  291           0
  292           0
  293           0
  294           0
  295           0
  296           0
  297           0
  298           0
  299           0
  300           0
  301           0
  302           0
  303           0
  304           0
  305           0
  306           0
  307           0
  308           0
  309           0
  310           0
  311           0
  312           0
  313           0
  314           0
  315           0
  316           0
  317           0
  318           0
  319           0
  320           0
  321           0
  322           0
  323           0
  324           0
  325           0
  326           0
  327           0
  328           0
  329           0
  330           0
  331           0
  332           0
  333           0
  334           0
  335           0
  336           0
  337           0
  338           0
  339           0
  340           0
  341           0
  342           0
  343           0
  344           0
  345           0
  346           0
  347           0
  348           0
  349           0
  350           0
  351           0
  352           0
  353           0
  354           0
  355           0
  356           0
  357           0
  358           0
  359           0
  360           0
  361           0
  362           0
  363           0
  364           0
  365           0
  366           0
  367           0
  368           0
  369           0
  370           0
  371           0
  372           0
  373           0
  374           0
  375           0
  376           0
  377           0
  378           0
  379           0
  380           0
  381           0
  382           0
  383           0
  384           0
  385           0
  386           0
  387           0
  388           0
  389           0
  390           0
  391           0
  392           0
  393           0
  394           0
  395           0
  396           0
  397           0
  398           0
  399           0
  400           0
  401           0
  402           0
  403           0
  404           0
  405           0
  406           0
  407           0
  408           0
  409           0
  410           0
  411           0
  412           0
  413           0
  414           0
  415           0
  416           0
  417           0
  418           0
  419           0
  420           0
  421           0
  422           0
  423           0
  424           0
  425           0
  426           0
  427           0
  428           0
  429           0
  430           0
  431           0
  432           0
  433           0
  434           0
  435           0
  436           0
  437           0
  438           0
  439           0
  440           0
  441           0
  442           0
  443           0
  444           0
  445           0
  446           0
  447           0
  448           0
  449           0
  450           0
  451           0
  452           0
  453           0
  454           0
  455           0
  456           0
  457           0
  458           0
  459           0
  460           0
  461           0
  462           0
  463           0
  464           0
  465           0
  466           0
  467           0
  468           0
  469           0
  470           0
  471           0
  472           0
  473           0
  474           0
  475           0
  476           0
  477           0
  478           0
  479           0
  480           0
  481           0
  482           0
  483           0
  484           0
  485           0
  486           0
  487           0
  488           0
  489           0
  490           0
  491           0
  492           0
  493           0
  494           0
  495           0
  496           0
  497           0
  498           0
  499           0
  500           0
Indexing numbers of gases for continua:
     Index of water =     1
*END
